LBTYA 37.97 30.5336 38.4605
MXIM 32.78 30.7221 34.1198
MYL 46.71 41.2114 56.3265
NCLH 46.85 36.4698 48.4553
NFLX 89.12 82.6928 97.3353
NTAP 24.32 20.4883 24.7597
NVDA 31.6 24.097 31.905
NXPI 68.24 62.9718 76.8872
ORLY 258.78 234.6325 268.7516
PAYX 51.42 45.173 51.6211
PCAR 51.5 46.2988 52.7951
PCLN 1261.89 908.4316 1300.7822
MU 10.49 9.5603 11.6977
MSFT 51.12 48.5193 54.7318
MNST 128.79 113.9765 142.6865
LBTYK 36.99 29.5376 37.3103
LILA 32.77 31.3987 36.7253
LILAK 35.41 33.6113 38.4967
LLTC 43.08 40.0027 43.9373
LMCA 34.09 31.0699 37.2212
LMCK 33.3 30.8519 35.9127
LRCX 69.23 64.0851 73.2988
LVNTA 35.29 32.5659 40.384
MAR 66.27 57.0827 67.5274
MAT 31.97 25.9121 34.1569
MDLZ 40.07 35.904 43.351
PYPL 35.47 31.0268 38.5222
QCOM 50.42 40.9249 51.2761
QVCA 25.1 22.5089 26.5021
TSLA 177.21 136.5063 206.1336
TXN 52.24 49.2722 53.9008
ULTA 159.17 143.3825 186.1846
VIAB 37.01 29.2591 49.945
VIP 3.595 2.9811 3.8209
VRSK 68.01 65.3337 72.7934
VRTX 85.28 78.828 96.4941
WBA 78.73 73.784 80.7448
WDC 42.77 38.7244 50.1526
WFM 30.8 27.6829 31.6961
XLNX 48.46 46.5357 49.9813
TSCO 84.87 80.0131 88.5409
TRIP 60.7 53.9857 71.9643
TMUS 36.2 32.7448 41.2022
QVCA 25.1 22.5089 26.5021
REGN 386.83 353.566 447.9776
ROST 55.35 52.503 56.784
SBAC 92.76 84.0285 100.7844
SBUX 58.46 53.2156 61.9034
SIRI 3.61 3.3057 3.7883
SNDK 66.61 64.4431 71.7018
SRCL 112.3 102.9955 122.5117
STX 30.74 26.7392 33.6038
SWKS 62.62 55.3771 70.6139
SYMC 19.56 18.648 20.2279
YHOO 30.67 26.1909 31.417
AAL 40.38 35.4963 41.0517
BIIB 258.99 243.9254 279.2672
BMRN 75.61 62.8042 83.7649
CA 29.23 26.6303 29.8327
CELG 102.04 96.3687 106.6532
CERN 50.65 50.5614 59.2835
CHKP 82.0 74.8425 83.1844
CHTR 174.39 159.928 179.181
CMCSA 57.54 53.6697 60.0133
COST 150.36 144.2199 152.4564
CSCO 26.12 21.3374 27.2426
BIDU 161.02 138.4677 173.3691
BBBY 47.51 40.6661 47.61
AVGO 128.16 115.5989 138.412
AAPL 94.69 92.2524 99.5536
ADBE 83.07 72.0802 92.0627
ADI 51.46 48.3653 54.0836
ADP 84.85 78.8418 86.3723
ADSK 49.69 41.944 51.359
AKAM 53.97 38.21 56.7249
ALXN 142.06 134.4444 152.4297
AMAT 18.51 15.4412 18.7228
AMGN 147.26 141.3372 155.1069
AMZN 552.94 460.243 619.9985
ATVI 30.73 26.9027 35.9143
CTRP 41.29 35.8345 44.5455
CTSH 55.76 50.5887 64.4683
CTXS 68.76 61.1931 72.3318
GILD 88.35 82.5334 92.3504
GOOG 695.85 658.8853 755.9541
GOOGL 717.29 682.2635 773.4097
HSIC 166.58 140.7193 169.7148
ILMN 149.94 129.1753 172.6619
INCY 72.01 66.4199 76.4021
INTC 28.8 27.8527 30.8233
INTU 97.36 88.8284 99.7886
ISRG 548.9 511.1225 561.0984
JD 25.59 22.2282 27.4449
KHC 72.82 70.0917 77.9133
FOXA 26.95 23.9527 27.9363
FOX 27.02 24.0075 27.8845
FISV 97.19 89.6643 98.3766
DISCA 25.19 24.1846 28.3714
DISCK 24.69 23.67 28.0111
DISH 46.06 40.0214 50.3815
DLTR 81.69 73.2141 83.6138
EA 61.52 52.7417 69.8843
EBAY 23.62 21.1402 25.8428
ENDP 50.22 47.1643 59.0687
ESRX 68.55 65.2337 72.8143
EXPE 104.16 90.3307 111.9204
FAST 44.54 37.57 46.78
FB 105.46 92.872 116.4573
KLAC 65.68 62.9898 67.6151

 ===============below bollinger lower support================
 
 ===============above bollinger upper resistnance============
 